Balls:
>176.995,171.308,-8.04984,-4.02492,0,9
>221.923,171.308,8.04984,-4.02492,0,9
>176.995,171.308,-8.04984,-4.02492,0,9
>146.273,635.954,7.48845,4.9923,0,9
>221.923,171.308,8.04984,-4.02492,0,9
>241.394,195.458,8.04984,4.02492,0,9
>221.923,171.308,8.04984,-4.02492,0,9
>144.024,635.954,7.48845,4.9923,0,9
>146.273,576.046,7.48845,4.9923,0,9
>221.923,171.308,8.04984,-4.02492,0,9
>146.273,516.138,7.48845,4.9923,0,9
>241.394,171.308,8.04984,-4.02492,0,9
>221.923,171.308,8.04984,-4.02492,0,9
>146.273,516.138,7.48845,4.9923,0,9
>221.923,171.308,8.04984,-4.02492,0,9
>799.993,656.912,6.36396,6.36396,0,9
>144.024,516.138,7.48845,4.9923,0,9
>146.273,456.231,7.48845,4.9923,0,9
>144.024,396.323,7.48845,4.9923,0,9
>221.923,171.308,8.04984,-4.02492,0,9
>41.4344,396.323,7.48845,4.9923,0,9
>144.024,396.323,7.48845,4.9923,0,9
>41.4344,326.431,7.48845,4.9923,0,9
>241.394,171.308,8.04984,-4.02492,0,9
>221.923,171.308,8.04984,-4.02492,0,9
>221.157,326.431,-7.48845,4.9923,0,9
>221.923,171.308,8.04984,-4.02492,0,9
>144.024,66.8307,7.48845,-4.9923,0,9
>146.273,66.8307,7.48845,-4.9923,0,9
>221.923,171.308,8.04984,-4.02492,0,9
>146.273,66.8307,7.48845,-4.9923,0,9
>128.696,171.308,-8.04984,-4.02492,0,9
>109.225,171.308,-8.04984,-4.02492,0,9
>128.696,171.308,-8.04984,-4.02492,0,9
>41.4344,635.954,-7.48845,4.9923,0,9
>109.225,171.308,-8.04984,-4.02492,0,9
>128.696,171.308,-8.04984,-4.02492,0,9
>109.225,171.308,-8.04984,-4.02492,0,9
>39.1854,635.954,-7.48845,4.9923,0,9
>41.4344,576.046,-7.48845,4.9923,0,9
>109.225,171.308,-8.04984,-4.02492,0,9
>41.4344,516.138,-7.48845,4.9923,0,9
>128.696,171.308,-8.04984,-4.02492,0,9
>109.225,171.308,-8.04984,-4.02492,0,9
>41.4344,516.138,-7.48845,4.9923,0,9
>109.225,171.308,-8.04984,-4.02492,0,9
>710.898,656.912,-6.36396,6.36396,0,9
>39.1854,516.138,-7.48845,4.9923,0,9
>41.4344,456.231,-7.48845,4.9923,0,9
>39.1854,396.323,-7.48845,4.9923,0,9
>109.225,171.308,-8.04984,-4.02492,0,9
>86.3651,396.323,7.48845,4.9923,0,9
>39.1854,396.323,-7.48845,4.9923,0,9
>86.3651,326.431,7.48845,4.9923,0,9
>128.696,171.308,-8.04984,-4.02492,0,9
>109.225,171.308,-8.04984,-4.02492,0,9
>206.18,326.431,-7.48845,4.9923,0,9
>109.225,171.308,-8.04984,-4.02492,0,9
>39.1854,66.8307,-7.48845,-4.9923,0,9
>41.4344,66.8307,-7.48845,-4.9923,0,9
>109.225,171.308,-8.04984,-4.02492,0,9
>41.4344,66.8307,-7.48845,-4.9923,0,9
Bricks:
>----1----------
>---001---------
>--11000--------
>----1010-------
>----0000-------
>----000--------
>----100--------
>----00

Bat:
>115,350,630
Game:
>2,-1